Tracking de posiciones para la escena AvanzadoCloth
Reduccion:Anatomica
A_real_smooth,0.005278349,0.01817387,0.001239777,0.01896543,359.3254,359.9559,3.668517,508.6221
B_real_smooth,0.006987095,0.01033419,0.000743866,0.01249673,9.318556,356.2583,358.5813,505.5565
A_real_smooth,0.005278111,0.01817372,0.001239777,0.01896522,359.3254,359.9559,3.668513,508.6222
B_real_smooth,0.006989479,0.0103341,0.000743866,0.01249799,9.318563,356.2583,358.5813,505.5565
A_real_smooth,0.005278945,0.01817375,0.001239777,0.01896549,359.3254,359.9559,3.668514,508.6221
B_real_smooth,0.006991148,0.01033378,0.000743866,0.01249866,9.318557,356.2583,358.5813,505.5565
A_real_smooth,0.005279541,0.01817304,0.001239777,0.01896497,359.3254,359.9559,3.668519,508.6221
B_real_smooth,0.006993532,0.01033351,0.000743866,0.01249977,9.318554,356.2583,358.5813,505.5565
A_real_smooth,0.005279779,0.01817346,0.001239777,0.01896543,359.3254,359.9559,3.668522,508.6221
B_real_smooth,0.006995201,0.01033318,0.000743866,0.01250043,9.31855,356.2583,358.5813,505.5565
A_real_smooth,0.005281448,0.01817313,0.001239777,0.01896558,359.3254,359.9559,3.668516,508.6221
B_real_smooth,0.006995916,0.01033324,0.000743866,0.01250088,9.318554,356.2583,358.5813,505.5565
A_real_smooth,0.005282164,0.01817256,0.001239777,0.01896524,359.3254,359.9559,3.668518,508.6221
B_real_smooth,0.006995201,0.01033327,0.000743866,0.01250051,9.318558,356.2583,358.5813,505.5565
A_real_smooth,0.005282164,0.01817259,0.001239777,0.01896527,359.3254,359.9559,3.668515,508.6221
B_real_smooth,0.006995916,0.01033315,0.000743866,0.01250081,9.318561,356.2583,358.5813,505.5565
A_real_smooth,0.005280256,0.01817259,0.001239777,0.01896474,359.3254,359.9559,3.66852,508.6221
B_real_smooth,0.006996632,0.01033303,0.000743866,0.01250111,9.318566,356.2583,358.5813,505.5565
A_real_smooth,0.005281687,0.0181728,0.001239777,0.01896534,359.3254,359.9559,3.66852,508.6221
B_real_smooth,0.006995916,0.01033312,0.000743866,0.01250078,9.318572,356.2583,358.5813,505.5565
A_real_smooth,0.005280495,0.01817244,0.001239777,0.01896466,359.3254,359.9559,3.668522,508.6221
B_real_smooth,0.006995916,0.01033333,0.000743866,0.01250095,9.318573,356.2583,358.5813,505.5565
A_real_smooth,0.005279303,0.01817268,0.001239777,0.01896456,359.3254,359.9559,3.668526,508.6221
B_real_smooth,0.006998062,0.01033303,0.000743866,0.01250191,9.318566,356.2583,358.5813,505.5565
A_real_smooth,0.005280733,0.01817229,0.001239777,0.01896458,359.3254,359.9559,3.668525,508.6221
B_real_smooth,0.006998777,0.01033285,0.000743866,0.01250216,9.318563,356.2583,358.5813,505.5565
A_real_smooth,0.005283356,0.01817191,0.001239777,0.01896494,359.3254,359.9559,3.668525,508.6222
B_real_smooth,0.006999016,0.01033285,0.000743866,0.0125023,9.318557,356.2583,358.5813,505.5565
A_real_smooth,0.005284309,0.01817149,0.001239777,0.01896481,359.3254,359.9559,3.668526,508.6221
B_real_smooth,0.007000208,0.01033279,0.000743866,0.01250291,9.318554,356.2583,358.5813,505.5565
A_real_smooth,0.005285382,0.0181711,0.001239777,0.01896474,359.3254,359.9559,3.668522,508.6221
B_real_smooth,0.007003665,0.01033252,0.000743866,0.01250463,9.318549,356.2583,358.5813,505.5565
A_real_smooth,0.005286455,0.01817065,0.001239777,0.01896461,359.3254,359.9559,3.668527,508.6221
B_real_smooth,0.007003784,0.01033258,0.000743866,0.01250474,9.318554,356.2583,358.5813,505.5565
A_real_smooth,0.005286932,0.01817003,0.001239777,0.01896414,359.3254,359.9559,3.668524,508.6221
B_real_smooth,0.007002115,0.01033273,0.000743866,0.01250393,9.318558,356.2583,358.5813,505.5565
A_real_smooth,0.005287766,0.01817009,0.001239777,0.01896443,359.3254,359.9559,3.668524,508.6221
B_real_smooth,0.007003307,0.01033264,0.000743866,0.01250453,9.318557,356.2583,358.5813,505.5565
A_real_smooth,0.005287886,0.0181697,0.001239777,0.01896409,359.3254,359.9559,3.668528,508.6221
B_real_smooth,0.007003546,0.01033261,0.000743866,0.01250464,9.318562,356.2583,358.5813,505.5565
A_real_smooth,0.005290151,0.01816982,0.001239777,0.01896484,359.3254,359.9559,3.668527,508.6221
B_real_smooth,0.007005453,0.01033238,0.000743866,0.01250551,9.318572,356.2583,358.5813,505.5565
A_real_smooth,0.005292296,0.01816916,0.001239777,0.01896481,359.3254,359.9559,3.668528,508.6221
B_real_smooth,0.007008076,0.01033232,0.0007433891,0.0125069,9.318577,356.2583,358.5813,505.5565
A_real_smooth,0.005294323,0.01816866,0.001239777,0.01896489,359.3254,359.9559,3.668528,508.6221
B_real_smooth,0.007006764,0.01033249,0.0007433891,0.01250631,9.318576,356.2583,358.5813,505.5565
A_real_smooth,0.005295396,0.01816845,0.001239777,0.01896499,359.3254,359.9559,3.668526,508.6222
B_real_smooth,0.00700736,0.01033238,0.0007433891,0.01250655,9.318577,356.2583,358.5813,505.5565
A_real_smooth,0.005296588,0.01816875,0.001239777,0.01896561,359.3254,359.9559,3.668534,508.6221
B_real_smooth,0.00700736,0.01033232,0.0007433891,0.0125065,9.318574,356.2583,358.5813,505.5565
A_real_smooth,0.005298495,0.01816818,0.001239777,0.0189656,359.3254,359.9559,3.668534,508.6221
B_real_smooth,0.007008314,0.01033214,0.0007433891,0.01250688,9.318574,356.2583,358.5813,505.5565
A_real_smooth,0.005299926,0.0181677,0.001239777,0.01896554,359.3254,359.9559,3.668534,508.6221
B_real_smooth,0.007008314,0.01033214,0.0007433891,0.01250688,9.318576,356.2583,358.5813,505.5565
A_real_smooth,0.005299807,0.01816773,0.001239777,0.01896554,359.3254,359.9559,3.668536,508.6221
B_real_smooth,0.007009745,0.0103319,0.0007433891,0.01250749,9.318574,356.2583,358.5813,505.5565
